0	-5.234391
0.00025	-5.233788
0.0005	-5.23245
0.00075	-5.230377
0.001	-5.22757
0.00125	-5.223637
0.0015	-5.219285
0.00175	-5.214182
0.002	-5.208328
0.00225	-5.201383
0.0025	-5.194008
0.00275	-5.185862
0.003	-5.176945
0.00325	-5.166932
0.0035	-5.156466
0.00375	-5.145208
0.004	-5.13316
0.00425	-5.119962
0.0045	-5.10632
0.00475	-5.091862
0.005	-5.076588
0.00525	-5.060129
0.0055	-5.043205
0.00575	-5.025434
0.006	-5.006815
0.00625	-4.987003
0.0065	-4.966667
0.00675	-4.945446
0.007	-4.923342
0.00725	-4.900061
0.0075	-4.876161
0.00775	-4.851337
0.008	-4.825586
0.00825	-4.798701
0.0085	-4.77107
0.00875	-4.742468
0.009	-4.713008
0.00925	-4.682251
0.0095	-4.650705
0.00975	-4.618047
0.01	-4.584589
0.01025	-4.550091
0.0105	-4.514554
0.01075	-4.477521
0.011	-4.43988
0.01125	-4.401152
0.0115	-4.361335
0.01175	-4.320144
0.012	-4.278129
0.01225	-4.234979
0.0125	-4.190694
0.01275	-4.145165
0.013	-4.098593
0.01325	-4.050845
0.0135	-4.00192
0.01375	-3.951874
0.014	-3.900585
0.01425	-3.848084
0.0145	-3.794373
0.01475	-3.739642
0.015	-3.683507
0.01525	-3.626138
0.0155	-3.566913
0.01575	-3.50797
0.016	-3.446909
0.01625	-3.383186
0.0165	-3.319787
0.01675	-3.255162
0.017	-3.189312
0.01725	-3.121483
0.0175	-3.053141
0.01775	-2.983586
0.018	-2.912819
0.01825	-2.840363
0.0185	-2.767141
0.01875	-2.692743
0.019	-2.617169
0.01925	-2.540211
0.0195	-2.462266
0.01975	-2.383207
0.02	-2.303032
0.02025	-2.221761
0.0205	-2.139353
0.02075	-2.055917
0.021	-1.971454
0.02125	-1.88613
0.0215	-1.799627
0.02175	-1.71221
0.022	-1.624564
0.02225	-1.535126
0.0225	-1.444726
0.02275	-1.354496
0.023	-1.26252
0.02325	-1.169828
0.0235	-1.076421
0.02375	-0.9833628
0.024	-0.8886187
0.02425	-0.7933321
0.0245	-0.6975037
0.02475	-0.6022698
0.025	-0.5054847
0.02525	-0.4083473
0.0255	-0.3108582
0.02575	-0.2140834
0.026	-0.1160539
0.02625	-0.01787371
0.0265	0.08045649
0.02675	0.1780633
0.027	0.2764941
0.02725	0.3748683
0.0275	0.4731855
0.02775	0.5708508
0.028	0.6688183
0.02825	0.7665231
0.0285	0.864003
0.02875	0.9614839
0.029	1.05751
0.02925	1.153488
0.0295	1.249543
0.02975	1.345037
0.03	1.439969
0.03025	1.53289
0.0305	1.626328
0.03075	1.719023
0.031	1.810973
0.03125	1.901159
0.0315	1.991226
0.03175	2.08039
0.032	2.16865
0.03225	2.255359
0.0325	2.341404
0.03275	2.426412
0.033	2.510382
0.03325	2.592931
0.0335	2.674422
0.03375	2.75477
0.034	2.83486
0.03425	2.911772
0.0345	2.988306
0.03475	3.06362
0.035	3.138299
0.03525	3.210692
0.0355	3.281813
0.03575	3.352252
0.036	3.420452
0.03625	3.487347
0.0365	3.552936
0.03675	3.617948
0.037	3.680605
0.03725	3.741948
0.0375	3.801977
0.03775	3.861375
0.038	3.918515
0.03825	3.974353
0.0385	4.028888
0.03875	4.082608
0.039	4.134342
0.03925	4.1848
0.0395	4.233983
0.03975	4.282074
0.04	4.328571
0.04025	4.373831
0.0405	4.41938
0.04075	4.461282
0.041	4.501933
0.04125	4.542217
0.0415	4.581881
0.04175	4.618904
0.042	4.654755
0.04225	4.691267
0.0425	4.724793
0.04275	4.757203
0.043	4.788497
0.04325	4.820038
0.0435	4.849161
0.04375	4.877222
0.044	4.904222
0.04425	4.931067
0.0445	4.956041
0.04475	4.980006
0.045	5.002962
0.04525	5.025401
0.0455	5.046464
0.04575	5.066567
0.046	5.085711
0.04625	5.104033
0.0465	5.121403
0.04675	5.137856
0.047	5.154805
0.04725	5.168844
0.0475	5.181749
0.04775	5.194738
0.048	5.20716
0.04825	5.217883
0.0485	5.227751
0.04875	5.237661
0.049	5.246042
0.04925	5.253597
0.0495	5.260328
0.04975	5.266787
0.05	5.272098
0.05025	5.276607
0.0505	5.280314
0.05075	5.283527
0.051	5.285867
0.05125	5.287419
0.0515	5.288185
0.05175	5.288334
0.052	5.28777
0.05225	5.286428
0.0525	5.284307
0.05275	5.281547
0.053	5.278117
0.05325	5.273912
0.0535	5.270098
0.05375	5.264329
0.054	5.2571
0.05425	5.250035
0.0545	5.242411
0.05475	5.23386
0.055	5.224537
0.05525	5.214029
0.0555	5.203439
0.05575	5.192065
0.056	5.179907
0.05625	5.166554
0.0565	5.153091
0.05675	5.138825
0.057	5.123757
0.05725	5.107587
0.0575	5.091156
0.05775	5.073899
0.058	5.055816
0.05825	5.036816
0.0585	5.017291
0.05875	4.996912
0.059	4.975681
0.05925	4.953794
0.0595	4.931016
0.05975	4.907356
0.06	4.883723
0.06025	4.858791
0.0605	4.831706
0.06075	4.804576
0.061	4.776796
0.06125	4.748337
0.0615	4.718953
0.06175	4.687026
0.062	4.65574
0.06225	4.623498
0.0625	4.5903
0.06275	4.554902
0.063	4.51958
0.06325	4.483276
0.0635	4.44599
0.06375	4.406856
0.064	4.367193
0.06425	4.326532
0.0645	4.284873
0.06475	4.241638
0.065	4.197328
0.06525	4.15202
0.0655	4.105715
0.06575	4.057896
0.066	4.008665
0.06625	3.958458
0.0665	3.907454
0.06675	3.854704
0.067	3.799919
0.06725	3.744649
0.0675	3.688344
0.06775	3.630048
0.068	3.570797
0.06825	3.511049
0.0685	3.448009
0.06875	3.384116
0.069	3.319372
0.06925	3.254731
0.0695	3.186194
0.06975	3.116965
0.07	3.047043
0.07025	2.977168
0.0705	2.903793
0.07075	2.829946
0.071	2.755628
0.07125	2.680488
0.0715	2.603534
0.07175	2.526389
0.072	2.449056
0.07225	2.369333
0.0725	2.290746
0.07275	2.212298
0.073	2.133116
0.07325	2.050134
0.0735	1.973902
0.07375	1.897376
0.074	1.816603
0.07425	1.736539
0.0745	1.657182
0.07475	1.587269
0.075	1.512567
0.07525	1.43893
0.0755	1.366359
0.07575	1.300066
0.076	1.234072
0.07625	1.169391
0.0765	1.106025
0.07675	1.047499
0.077	0.9913935
0.07725	0.9367211
0.0775	0.8856945
0.07775	0.8356131
0.078	0.7891738
0.07825	0.7415549
0.0785	0.701871
0.07875	0.6637107
0.079	0.6270736
0.07925	0.5876646
0.0795	0.5562648
0.07975	0.5262332
0.08	0.4975692
0.08025	0.4672427
0.0805	0.4421956
0.08075	0.4183451
0.081	0.3956908
0.08125	0.372948
0.0815	0.3527599
0.08175	0.3336046
0.082	0.3154817
0.08225	0.2986634
0.0825	0.2822303
0.08275	0.2666831
0.083	0.2520899
0.08325	0.2397211
0.0835	0.2262303
0.08375	0.2134969
0.084	0.2025107
0.08425	0.1928329
0.0845	0.1814915
0.08475	0.171415
0.085	0.1628639
0.08525	0.154888
0.0855	0.1474867
0.08575	0.1380831
0.086	0.1309821
0.08625	0.1243696
0.0865	0.118245
0.08675	0.1111643
0.087	0.1052408
0.08725	0.09973262
0.0875	0.09463951
0.08775	0.08935942
0.088	0.08440025
0.08825	0.07979472
0.0885	0.07554259
0.08875	0.07166373
0.089	0.06749974
0.08925	0.06363717
0.0895	0.05962568
0.08975	0.05616305
0.09	0.05378454
0.09025	0.05010105
0.0905	0.047129
0.09075	0.04435719
0.091	0.04177797
0.09125	0.03949672
0.0915	0.03711851
0.09175	0.03490012
0.092	0.03283526
0.09225	0.03100512
0.0925	0.02910349
0.09275	0.0273296
0.093	0.02567823
0.09325	0.02421185
0.0935	0.0226934
0.09375	0.02127708
0.094	0.01995859
0.09425	0.01878577
0.0945	0.01757572
0.09475	0.01644731
0.095	0.01539695
0.09525	0.01446107
0.0955	0.01349932
0.09575	0.01260276
0.096	0.01219285
0.09625	0.01133795
0.0965	0.01026183
0.09675	0.009936364
0.097	0.009211861
0.09725	0.00853744
0.0975	0.007910671
0.09775	0.007427117
0.098	0.006857803
0.09825	0.006328292
0.0985	0.005836554
0.09875	0.005452439
0.099	0.005007549
0.09925	0.004594195
0.0995	0.004210679
0.09975	0.003906789
0.1	0.003561455
0.10025	0.003241011
0.1005	0.002944036
0.10075	0.002704757
0.101	0.002438878
0.10125	0.002192554
0.1015	0.001964594
0.10175	0.001777241
0.102	0.001574581
0.10225	0.001387199
0.1025	0.001214096
0.10275	0.001068373
0.103	0.000915829
0.10325	0.000775142
0.1035	0.000645474
0.10375	0.000533031
0.104	0.000420044
0.10425	0.000316185
0.1045	0.00022075
0.10475	0.000134825
0.105	5.29E-05
0.10525	0
0.1055	0
0.10575	0
0.106	0
0.10625	0
0.1065	0
0.10675	0
0.107	0
0.10725	0
0.1075	0
0.10775	0
0.108	0
0.10825	0
0.1085	0
0.10875	0
0.109	0
0.10925	0
0.1095	0
0.10975	0
0.11	0
0.11025	0
0.1105	0
0.11075	0
0.111	0
0.11125	0
0.1115	0